3.540590
2.187328
-0.061868
2.862583
-11.471900
2.085146
-3.266626
-0.127767
1.945453
-2.578652
-2.496046
-1.212712
-0.331681
3.505858
2.614934
2.254264
1.850521
-0.084331
2.139479
-3.982605
-4.886940
1.491180
2.491256
-2.065115
3.456243
1.853272
-0.593394
-2.426647
0.251966
2.695722
-2.740939
0.790403
0.096746
-2.274430
1.554795
1.289893
-5.449146
2.708405
-3.520971
2.563870
3.880997
-0.863551
-0.240863
0.789884
-2.120481
2.891224
-1.678830
-3.329699
-4.308193
-2.224262
3.175224
2.919505
-4.261410
2.281801
-1.695391
-3.975164
3.655446
0.241560
3.054731
-1.798773
-5.165940
1.694752
2.045984
1.417723
-2.088597
2.837311
-2.601811
-3.342609
2.467502
-1.526522
-0.386741
-0.546612
1.984963
-0.497975
2.527472
0.284577
3.270384
-0.829364
1.484702
3.392511
-0.620513
2.120702
3.524049
3.407502
-0.309254
2.938254
-3.664475
-0.351237
2.092112
-2.189843
3.831571
-1.761163
1.143870
-0.698098
-1.938905
-0.721315
3.032601
2.058565
-2.168540
2.187937
3.367521
-1.723932
1.788150
2.330026
2.078191
-2.258705
2.958644
-1.244692
-0.328701
3.122680
4.286466
1.925727
0.124273
2.870288
1.919769
-0.562119
-0.836080
3.061079
-0.449416
0.354005
3.558073
2.294103
-0.048661
2.536728
-2.125427
1.893825
-0.337815
-2.024540
2.906153
-2.927611
-2.195073
1.802657
-0.309714
-2.093078
2.088720
