0.649246
0.649246
0.649246
-0.216415
0.000000
-0.216415
-0.216415
0.649246
-0.216415
-0.865662
-0.216415
0.649246
-0.216415
-0.216415
-0.216415
-0.216415
-0.865662
-0.865662
-0.216415
-0.216415
0.649246
-0.865662
0.000000
-0.216415
0.649246
-0.216415
0.000000
0.000000
-0.216415
-0.216415
0.000000
0.649246
-0.216415
0.649246
-0.216415
0.000000
-0.216415
-0.216415
0.649246
-0.216415
0.649246
-0.216415
0.000000
0.649246
0.649246
0.649246
-0.216415
0.649246
-0.216415
0.649246
-0.216415
-0.216415
0.649246
-0.216415
-0.216415
-0.865662
-0.216415
-0.216415
0.000000
-0.216415
-0.216415
-0.216415
0.649246
-0.216415
0.649246
-0.216415
0.649246
0.649246
-0.865662
0.649246
-0.216415
-0.216415
-0.216415
0.000000
-0.216415
0.000000
-0.216415
0.649246
-0.216415
-0.216415
-0.216415
-0.216415
-0.216415
0.000000
-0.216415
-0.216415
-0.216415
-0.216415
-0.216415
-0.216415
-0.216415
-0.865662
-0.216415
0.649246
0.000000
-0.216415
-0.216415
-0.865662
-0.216415
-0.216415
0.649246
-0.216415
-0.216415
-0.865662
0.649246
0.649246
-0.216415
-0.216415
0.649246
-0.216415
-0.216415
-0.216415
0.649246
-0.216415
-0.216415
-0.649246
0.649246
-0.216415
-0.216415
-0.216415
-0.216415
-0.865662
-0.216415
-0.216415
-0.216415
-0.216415
-0.216415
-0.216415
-0.216415
0.000000
-0.865662
-0.216415
-0.216415
-0.216415
0.649246
-0.865662
0.649246
0.649246
0.649246
-0.216415
-0.216415
-0.216415
-0.216415
-0.216415
-0.216415
-0.216415
0.432831
0.649246
-0.216415
-0.216415
-0.216415
0.649246
-0.216415
