2.695650
-3.627278
-3.044662
3.234416
3.649756
-1.790748
3.001508
-2.611476
2.964512
3.564532
3.146212
4.274158
1.170286
-2.107463
-2.188303
2.790880
-1.038970
1.017055
4.407093
2.971571
-0.687447
2.086269
-3.534541
3.122491
-3.054606
0.021418
1.733322
-1.758974
-2.728105
-1.232306
-0.712697
4.319780
4.242974
2.375888
1.347084
0.033789
2.607582
-2.750171
-3.467946
2.453177
2.433581
-2.596163
4.159590
2.271918
-0.437912
-2.660031
-0.267378
3.152979
-2.212695
-1.940828
-0.084014
-0.582606
1.974729
1.743062
-2.909459
3.336862
-1.906061
2.284651
4.271427
0.170546
-0.629730
1.445242
-1.887764
3.263679
-1.521145
-3.323895
-3.099594
-2.298945
3.982624
4.622482
-2.345121
2.654607
-1.289814
-2.638606
4.070283
0.136956
4.189923
-2.080406
-2.136975
2.231648
1.850265
2.125766
-3.043386
4.072074
-2.794233
-2.877565
2.745730
-1.326687
-0.153791
-0.824860
2.964977
-0.320356
2.876613
0.021789
3.111183
-0.235749
1.193280
3.429873
-0.887901
2.322281
3.611795
3.685037
0.060205
3.338221
-1.487161
-2.386533
2.955408
-2.800684
4.710373
-1.756245
1.422807
-0.185709
-2.647226
-0.990538
3.058781
2.376014
-2.092033
2.067873
3.764658
-2.008956
2.123088
3.424366
2.316279
-2.507425
4.399805
-1.166765
-0.669274
3.368123
4.523004
2.901513
0.143438
3.036350
3.056157
-0.968838
-0.604599
3.377312
-1.147747
-0.153009
3.858432
2.777219
0.559579
3.338449
-0.751729
3.367073
-0.641688
-1.909748
3.065304
-2.533322
-2.460113
2.206809
-0.668444
-3.255673
2.124633
